12	0.00000000	0.11151965	0.00009019
12	0.10000000	0.08863621	0.00012709
12	0.12000000	0.08441274	0.00011742
12	0.14000000	0.08071474	0.00013804
12	0.16000000	0.07736047	0.00015797
12	0.18000000	0.07406524	0.00015513
12	0.20000000	0.07146606	0.00012393
12	0.22000000	0.06875937	0.00016534
12	0.24000000	0.06671248	0.00016172
12	0.26000000	0.06466540	0.00018649
12	0.27000000	0.06325769	0.00010337
12	0.28000000	0.06224043	0.00010454
12	0.29000000	0.06160783	0.00010192
12	0.30000000	0.06074423	0.00009781
12	0.31000000	0.05993311	0.00007729
12	0.31500000	0.05967899	0.00018283
12	0.32000000	0.05923207	0.00007871
12	0.33000000	0.05868423	0.00007955
12	0.34000000	0.05765177	0.00008134
12	0.35000000	0.05711582	0.00011814
12	0.36000000	0.05673132	0.00012049
12	0.37000000	0.05620500	0.00011890
12	0.38000000	0.05535827	0.00012102
12	0.39000000	0.05481195	0.00012446
12	0.40000000	0.05423065	0.00021203
12	0.50000000	0.05039237	0.00023860
12	0.60000000	0.04779306	0.00025344
12	0.70000000	0.04551356	0.00025953
12	0.80000000	0.04357771	0.00027504
12	0.90000000	0.04296985	0.00025701
12	1.00000000	0.04166342	0.00028422
12	1.10000000	0.04110617	0.00028839
12	1.20000000	0.04046787	0.00025890
12	1.30000000	0.04003204	0.00028666
12	1.40000000	0.03914767	0.00028230
16	0.31500000	0.04220319	0.00012463
18	0.00000000	0.08682762	0.00005930
18	0.10000000	0.06632828	0.00009576
18	0.12000000	0.06275274	0.00008663
18	0.14000000	0.05926714	0.00009682
18	0.16000000	0.05614454	0.00011680
18	0.18000000	0.05309079	0.00010668
18	0.20000000	0.05028662	0.00009157
18	0.22000000	0.04783487	0.00012774
18	0.24000000	0.04534628	0.00014084
18	0.26000000	0.04315370	0.00014511
18	0.27000000	0.04243036	0.00008625
18	0.28000000	0.04138178	0.00009039
18	0.29000000	0.04065274	0.00009491
18	0.30000000	0.03956519	0.00008427
18	0.31000000	0.03887432	0.00006808
18	0.32000000	0.03807539	0.00006770
18	0.33000000	0.03738282	0.00007202
18	0.34000000	0.03677957	0.00007100
18	0.35000000	0.03605722	0.00010237
18	0.36000000	0.03546606	0.00010422
18	0.37000000	0.03473329	0.00010768
18	0.38000000	0.03414283	0.00010966
18	0.39000000	0.03374935	0.00010768
18	0.40000000	0.03297565	0.00021200
18	0.50000000	0.02914762	0.00022209
18	0.60000000	0.02637108	0.00024845
18	0.70000000	0.02455310	0.00025169
18	0.80000000	0.02295918	0.00023831
18	0.90000000	0.02217719	0.00025603
18	1.00000000	0.02153610	0.00024378
18	1.10000000	0.02048858	0.00026848
18	1.20000000	0.02000640	0.00026319
18	1.30000000	0.01956385	0.00026831
18	1.40000000	0.01882864	0.00026681
20	0.31500000	0.03174463	0.00013290
24	0.00000000	0.07147665	0.00005028
24	0.10000000	0.05167365	0.00007481
24	0.12000000	0.04823725	0.00007626
24	0.14000000	0.04507933	0.00007924
24	0.16000000	0.04218464	0.00008933
24	0.18000000	0.03942714	0.00009931
24	0.20000000	0.03661208	0.00007869
24	0.22000000	0.03418517	0.00012098
24	0.24000000	0.03184378	0.00011049
24	0.26000000	0.02970665	0.00012693
24	0.27000000	0.02889215	0.00007338
24	0.28000000	0.02803455	0.00007138
24	0.29000000	0.02707118	0.00007428
24	0.30000000	0.02625597	0.00007230
24	0.31000000	0.02546521	0.00005540
24	0.31500000	0.02500672	0.00012467
24	0.32000000	0.02484959	0.00005923
24	0.33000000	0.02419015	0.00006155
24	0.34000000	0.02339946	0.00006092
24	0.35000000	0.02284385	0.00009101
24	0.36000000	0.02231351	0.00009044
24	0.37000000	0.02155647	0.00008758
24	0.38000000	0.02127538	0.00009475
24	0.39000000	0.02056688	0.00009439
24	0.40000000	0.02015661	0.00017429
24	0.50000000	0.01663796	0.00017822
24	0.60000000	0.01442045	0.00020156
24	0.70000000	0.01276598	0.00023677
24	0.80000000	0.01166426	0.00022822
24	0.90000000	0.01070853	0.00022743
24	1.00000000	0.01026448	0.00022733
24	1.10000000	0.00977657	0.00021880
24	1.20000000	0.00937699	0.00026478
24	1.30000000	0.00884907	0.00027526
24	1.40000000	0.00840864	0.00024647
30	0.00000000	0.06258752	0.00003862
30	0.10000000	0.04424817	0.00005649
30	0.12000000	0.04123185	0.00005734
30	0.14000000	0.03811140	0.00006060
30	0.16000000	0.03537113	0.00006947
30	0.18000000	0.03279776	0.00008097
30	0.20000000	0.03025780	0.00006470
30	0.22000000	0.02806176	0.00010200
30	0.24000000	0.02587567	0.00009991
30	0.26000000	0.02386285	0.00011649
30	0.27000000	0.02299104	0.00006667
30	0.28000000	0.02215707	0.00006657
30	0.29000000	0.02127294	0.00007187
30	0.30000000	0.02050615	0.00006354
30	0.31000000	0.01981538	0.00005364
30	0.32000000	0.01909112	0.00005458
30	0.33000000	0.01829495	0.00005568
30	0.34000000	0.01777851	0.00005690
30	0.35000000	0.01708560	0.00008520
30	0.36000000	0.01651131	0.00008636
30	0.37000000	0.01605185	0.00008691
30	0.38000000	0.01549915	0.00008773
30	0.39000000	0.01509032	0.00008699
30	0.40000000	0.01466498	0.00017526
30	0.50000000	0.01125007	0.00019620
30	0.60000000	0.00919045	0.00022087
30	0.70000000	0.00775676	0.00021591
30	0.80000000	0.00678574	0.00020475
30	0.90000000	0.00636145	0.00023505
30	1.00000000	0.00589277	0.00023962
30	1.10000000	0.00540238	0.00022226
30	1.20000000	0.00517041	0.00023689
30	1.30000000	0.00464032	0.00021517
30	1.40000000	0.00426087	0.00022891
32	0.31500000	0.01732667	0.00010513
36	0.00000000	0.05562737	0.00003861
36	0.10000000	0.03843306	0.00005369
36	0.12000000	0.03552450	0.00005356
36	0.14000000	0.03281395	0.00005506
36	0.16000000	0.03010996	0.00006194
36	0.18000000	0.02759944	0.00007234
36	0.20000000	0.02533624	0.00005716
36	0.22000000	0.02313579	0.00008748
36	0.24000000	0.02088862	0.00008904
36	0.26000000	0.01895137	0.00013198
36	0.27000000	0.01832739	0.00009285
36	0.28000000	0.01760203	0.00010580
36	0.29000000	0.01670079	0.00010475
36	0.30000000	0.01569137	0.00007754
36	0.31000000	0.01505087	0.00005745
36	0.32000000	0.01453750	0.00006044
36	0.33000000	0.01395385	0.00006114
36	0.34000000	0.01322041	0.00006714
36	0.35000000	0.01263268	0.00007616
36	0.36000000	0.01222225	0.00007886
36	0.37000000	0.01154968	0.00007946
36	0.38000000	0.01112511	0.00008531
36	0.39000000	0.01100738	0.00009180
36	0.40000000	0.01009865	0.00016519
36	0.50000000	0.00734151	0.00017580
36	0.60000000	0.00558412	0.00018918
36	0.70000000	0.00498870	0.00022046
36	0.80000000	0.00371461	0.00019589
36	0.90000000	0.00379657	0.00022002
36	1.00000000	0.00294803	0.00020825
36	1.10000000	0.00343407	0.00024164
36	1.20000000	0.00293701	0.00022469
36	1.30000000	0.00252208	0.00021463
36	1.40000000	0.00255780	0.00021776
40	0.12000000	0.03291417	0.00004637
40	0.14000000	0.03015657	0.00004806
40	0.16000000	0.02778716	0.00005396
40	0.18000000	0.02534367	0.00006322
40	0.20000000	0.02314659	0.00007297
40	0.22000000	0.02104176	0.00007711
40	0.24000000	0.01919630	0.00008638
40	0.31500000	0.01298445	0.00009982
42	0.00000000	0.05090036	0.00003388
42	0.10000000	0.03450596	0.00004466
42	0.20000000	0.02248125	0.00007805
42	0.30000000	0.01322030	0.00011673
42	0.31000000	0.01269310	0.00006816
42	0.32000000	0.01191817	0.00006542
42	0.33000000	0.01136016	0.00007211
42	0.34000000	0.01095500	0.00007323
42	0.35000000	0.01029209	0.00007550
42	0.36000000	0.00969009	0.00007953
42	0.37000000	0.00930580	0.00008458
42	0.38000000	0.00886688	0.00008182
42	0.39000000	0.00847636	0.00008286
42	0.40000000	0.00800669	0.00015360
42	0.50000000	0.00511910	0.00017949
42	0.60000000	0.00412299	0.00019978
42	0.70000000	0.00297599	0.00019547
42	0.80000000	0.00274481	0.00021588
42	0.90000000	0.00216543	0.00020460
42	1.00000000	0.00243592	0.00021586
42	1.10000000	0.00207927	0.00020162
42	1.20000000	0.00182256	0.00019872
42	1.30000000	0.00165777	0.00016745
42	1.40000000	0.00162873	0.00018840
48	0.00000000	0.04690527	0.00003081
48	0.10000000	0.03132827	0.00004351
48	0.12000000	0.02883927	0.00003799
48	0.14000000	0.02635749	0.00004106
48	0.16000000	0.02413825	0.00005206
48	0.18000000	0.02196783	0.00005532
48	0.20000000	0.01993414	0.00004542
48	0.22000000	0.01798500	0.00007460
48	0.24000000	0.01603954	0.00007613
48	0.26000000	0.01436237	0.00012030
48	0.27000000	0.01344715	0.00007822
48	0.28000000	0.01253412	0.00008433
48	0.29000000	0.01196268	0.00008800
48	0.30000000	0.01113167	0.00007426
48	0.31000000	0.01038747	0.00005166
48	0.31500000	0.01035701	0.00009092
48	0.32000000	0.00988596	0.00005387
48	0.33000000	0.00917301	0.00005538
48	0.34000000	0.00872787	0.00005908
48	0.35000000	0.00810416	0.00007450
48	0.36000000	0.00756794	0.00007517
48	0.37000000	0.00733121	0.00007924
48	0.38000000	0.00675189	0.00008125
48	0.39000000	0.00643193	0.00008056
48	0.40000000	0.00603238	0.00016069
48	0.50000000	0.00339783	0.00016855
48	0.60000000	0.00267360	0.00018175
48	0.70000000	0.00197847	0.00017025
48	0.80000000	0.00166031	0.00016246
48	0.90000000	0.00141876	0.00018488
48	1.00000000	0.00206765	0.00021848
48	1.10000000	0.00187672	0.00020670
48	1.20000000	0.00160428	0.00021161
48	1.30000000	0.00162520	0.00019194
48	1.40000000	0.00134894	0.00018339
54	0.00000000	0.04386418	0.00002910
54	0.10000000	0.02892931	0.00003379
54	0.20000000	0.01813337	0.00006804
54	0.30000000	0.00993344	0.00010647
54	0.31000000	0.00912128	0.00006248
54	0.32000000	0.00862444	0.00006412
54	0.33000000	0.00787070	0.00006729
54	0.34000000	0.00732343	0.00006740
54	0.35000000	0.00688298	0.00006954
54	0.36000000	0.00640957	0.00007158
54	0.37000000	0.00596523	0.00007699
54	0.38000000	0.00562888	0.00007702
54	0.39000000	0.00526596	0.00008085
54	0.40000000	0.00483754	0.00013494
54	0.50000000	0.00279213	0.00016813
54	0.60000000	0.00186663	0.00017425
54	0.70000000	0.00159420	0.00016986
54	0.80000000	0.00153251	0.00019099
54	0.90000000	0.00159077	0.00021005
54	1.00000000	0.00171729	0.00020032
54	1.10000000	0.00164679	0.00021117
54	1.20000000	0.00125681	0.00017449
54	1.30000000	0.00118187	0.00018082
54	1.40000000	0.00119277	0.00017342
60	0.00000000	0.04120571	0.00003017
60	0.10000000	0.02689416	0.00002947
60	0.12000000	0.02461501	0.00003187
60	0.14000000	0.02241568	0.00003606
60	0.16000000	0.02046204	0.00003849
60	0.18000000	0.01849926	0.00004329
60	0.20000000	0.01664467	0.00003863
60	0.22000000	0.01478825	0.00005989
60	0.24000000	0.01306237	0.00007151
60	0.26000000	0.01166804	0.00012466
60	0.27000000	0.01060331	0.00007052
60	0.28000000	0.00984946	0.00007710
60	0.29000000	0.00916838	0.00008073
60	0.30000000	0.00852361	0.00006558
60	0.31000000	0.00788065	0.00004952
60	0.31500000	0.00725005	0.00015086
60	0.32000000	0.00729349	0.00005061
60	0.33000000	0.00657676	0.00005169
60	0.34000000	0.00620043	0.00005831
60	0.35000000	0.00577538	0.00006812
60	0.36000000	0.00522194	0.00007307
60	0.37000000	0.00508791	0.00007662
60	0.38000000	0.00454650	0.00007595
60	0.39000000	0.00413852	0.00007916
60	0.40000000	0.00358910	0.00013378
60	0.50000000	0.00212839	0.00016973
60	0.60000000	0.00167683	0.00017956
60	0.70000000	0.00139386	0.00018189
60	0.80000000	0.00137950	0.00018609
60	0.90000000	0.00132158	0.00017410
60	1.00000000	0.00158858	0.00020668
60	1.10000000	0.00145824	0.00019932
60	1.20000000	0.00124699	0.00017718
60	1.30000000	0.00130932	0.00018760
60	1.40000000	0.00151660	0.00021658
64	0.00000000	0.03973011	0.00002026
64	0.10000000	0.02574642	0.00002097
64	0.20000000	0.01576094	0.00004199
64	0.30000000	0.00787236	0.00007917
64	0.40000000	0.00348986	0.00014195
64	0.50000000	0.00198101	0.00015651
64	0.60000000	0.00158898	0.00018372
64	0.70000000	0.00133018	0.00018233
64	0.80000000	0.00129718	0.00019013
64	0.90000000	0.00131531	0.00018460
64	1.00000000	0.00121433	0.00018884
64	1.10000000	0.00124933	0.00020166
64	1.20000000	0.00169221	0.00021462
64	1.30000000	0.00147268	0.00020942
64	1.40000000	0.00110304	0.00018123
72	0.00000000	0.03712627	0.00002486
72	0.10000000	0.02377165	0.00002677
72	0.12000000	0.02172515	0.00002749
72	0.14000000	0.01972130	0.00002941
72	0.16000000	0.01793560	0.00003353
72	0.18000000	0.01611424	0.00003656
72	0.20000000	0.01438989	0.00003860
72	0.22000000	0.01283644	0.00005175
72	0.24000000	0.01119715	0.00005947
72	0.26000000	0.00976959	0.00011919
72	0.27000000	0.00892293	0.00006969
72	0.28000000	0.00806127	0.00007126
72	0.29000000	0.00744252	0.00007197
72	0.30000000	0.00684781	0.00007621
72	0.31000000	0.00613129	0.00008048
72	0.32000000	0.00565371	0.00008599
72	0.33000000	0.00512753	0.00009387
72	0.34000000	0.00454088	0.00010219
72	0.40000000	0.00227986	0.00059942
72	0.50000000	0.00152675	0.00015565
72	0.60000000	0.00093151	0.00011133
72	0.70000000	0.00130082	0.00018090
72	0.80000000	0.00129712	0.00018124
72	0.90000000	0.00114004	0.00015746
72	1.00000000	0.00103089	0.00016455
72	1.10000000	0.00070869	0.00012103
72	1.20000000	0.00112231	0.00020228
72	1.30000000	0.00144377	0.00020643
72	1.40000000	0.00114547	0.00019643
72	1.50000000	0.00129590	0.00018994
80	0.00000000	0.03503276	0.00002434
80	0.10000000	0.02218544	0.00002357
80	0.12000000	0.02025953	0.00002370
80	0.14000000	0.01841213	0.00002692
80	0.16000000	0.01661100	0.00003125
80	0.18000000	0.01492708	0.00003488
80	0.20000000	0.01332806	0.00003120
80	0.22000000	0.01174212	0.00004948
80	0.24000000	0.01019911	0.00005647
80	0.30000000	0.00598957	0.00009471
80	0.40000000	0.00205153	0.00012584
80	0.50000000	0.00116692	0.00014048
80	0.60000000	0.00100661	0.00013403
80	0.70000000	0.00104152	0.00015495
80	0.80000000	0.00111330	0.00016827
80	0.90000000	0.00114235	0.00016097
80	1.00000000	0.00135542	0.00018417
80	1.10000000	0.00122631	0.00019107
80	1.20000000	0.00110054	0.00015791
80	1.30000000	0.00070280	0.00014828
80	1.40000000	0.00143349	0.00020790
96	0.12000000	0.01792208	0.00002133
96	0.26000000	0.00735213	0.00009176
96	0.27000000	0.00671486	0.00005687
96	0.28000000	0.00609143	0.00006150
96	0.29000000	0.00536632	0.00008325
96	0.30000000	0.00487251	0.00010363
96	0.31000000	0.00432104	0.00011143
96	0.32000000	0.00359698	0.00011404
96	0.33000000	0.00351779	0.00014917
96	0.34000000	0.00282680	0.00015610
