12	0.00000000	0.12839992	0.00006565
12	0.10000000	0.19258679	0.00013179
12	0.12000000	0.20375523	0.00012690
12	0.14000000	0.21434420	0.00015112
12	0.16000000	0.22369602	0.00014996
12	0.18000000	0.23216595	0.00015225
12	0.20000000	0.24000533	0.00011857
12	0.22000000	0.24705087	0.00015163
12	0.24000000	0.25313656	0.00014940
12	0.26000000	0.25863062	0.00016552
12	0.27000000	0.26153407	0.00009557
12	0.28000000	0.26419414	0.00009355
12	0.29000000	0.26625297	0.00009241
12	0.30000000	0.26865554	0.00008788
12	0.31000000	0.27062963	0.00006925
12	0.31500000	0.27156935	0.00017237
12	0.32000000	0.27269996	0.00006917
12	0.33000000	0.27440741	0.00007103
12	0.34000000	0.27651377	0.00007213
12	0.35000000	0.27813460	0.00010615
12	0.36000000	0.27954389	0.00010400
12	0.37000000	0.28117725	0.00010450
12	0.38000000	0.28279800	0.00010599
12	0.39000000	0.28429940	0.00010874
12	0.40000000	0.28546067	0.00020158
12	0.50000000	0.29627119	0.00019405
12	0.60000000	0.30327299	0.00021023
12	0.70000000	0.30854983	0.00021298
12	0.80000000	0.31302681	0.00023222
12	0.90000000	0.31562072	0.00021930
12	1.00000000	0.31831364	0.00023211
12	1.10000000	0.32000423	0.00024649
12	1.20000000	0.32154136	0.00021799
12	1.30000000	0.32286576	0.00024054
12	1.40000000	0.32427039	0.00023531
16	0.31500000	0.25732909	0.00016198
18	0.00000000	0.10444399	0.00005333
18	0.10000000	0.15932387	0.00015342
18	0.12000000	0.17027197	0.00015837
18	0.14000000	0.18129342	0.00016624
18	0.16000000	0.19168371	0.00018076
18	0.18000000	0.20144055	0.00018187
18	0.20000000	0.21102557	0.00014285
18	0.22000000	0.21930994	0.00022436
18	0.24000000	0.22756131	0.00022186
18	0.26000000	0.23492116	0.00021927
18	0.27000000	0.23796492	0.00013387
18	0.28000000	0.24141031	0.00013825
18	0.29000000	0.24423452	0.00014214
18	0.30000000	0.24742197	0.00012642
18	0.31000000	0.25014615	0.00010087
18	0.32000000	0.25295767	0.00009750
18	0.33000000	0.25540488	0.00010647
18	0.34000000	0.25760386	0.00010321
18	0.35000000	0.26025022	0.00014945
18	0.36000000	0.26236333	0.00015026
18	0.37000000	0.26461570	0.00015571
18	0.38000000	0.26658072	0.00015739
18	0.39000000	0.26834777	0.00015578
18	0.40000000	0.27069666	0.00030026
18	0.50000000	0.28511817	0.00031190
18	0.60000000	0.29487940	0.00033636
18	0.70000000	0.30176687	0.00033496
18	0.80000000	0.30726793	0.00032948
18	0.90000000	0.31073731	0.00034089
18	1.00000000	0.31375073	0.00033338
18	1.10000000	0.31674553	0.00035678
18	1.20000000	0.31879167	0.00034235
18	1.30000000	0.32024269	0.00037107
18	1.40000000	0.32232890	0.00034635
20	0.31500000	0.24683183	0.00023236
24	0.00000000	0.09012164	0.00005040
24	0.10000000	0.13815170	0.00014770
24	0.12000000	0.14879087	0.00016220
24	0.14000000	0.15919156	0.00016531
24	0.16000000	0.16942137	0.00020722
24	0.18000000	0.17955958	0.00022414
24	0.20000000	0.19001009	0.00017470
24	0.22000000	0.19947208	0.00025087
24	0.24000000	0.20896445	0.00026484
24	0.26000000	0.21764954	0.00029112
24	0.27000000	0.22139050	0.00016437
24	0.28000000	0.22512982	0.00016143
24	0.29000000	0.22916662	0.00016604
24	0.30000000	0.23278282	0.00016129
24	0.31000000	0.23618039	0.00012001
24	0.31500000	0.23806358	0.00027825
24	0.32000000	0.23921250	0.00012646
24	0.33000000	0.24235998	0.00013155
24	0.34000000	0.24560950	0.00012990
24	0.35000000	0.24857369	0.00019036
24	0.36000000	0.25084918	0.00019007
24	0.37000000	0.25409089	0.00018964
24	0.38000000	0.25605477	0.00019142
24	0.39000000	0.25886785	0.00019613
24	0.40000000	0.26083703	0.00036959
24	0.50000000	0.27874871	0.00036893
24	0.60000000	0.29071240	0.00040679
24	0.70000000	0.29950274	0.00046985
24	0.80000000	0.30533659	0.00047073
24	0.90000000	0.31056060	0.00046150
24	1.00000000	0.31391568	0.00044876
24	1.10000000	0.31705604	0.00041616
24	1.20000000	0.31956232	0.00049571
24	1.30000000	0.32209014	0.00053149
24	1.40000000	0.32342100	0.00048675
30	0.00000000	0.08040637	0.00004314
30	0.10000000	0.12302168	0.00014082
30	0.12000000	0.13282461	0.00014803
30	0.14000000	0.14318248	0.00016554
30	0.16000000	0.15335219	0.00018995
30	0.18000000	0.16389139	0.00023628
30	0.20000000	0.17423575	0.00019143
30	0.22000000	0.18458618	0.00029177
30	0.24000000	0.19480548	0.00028933
30	0.26000000	0.20399353	0.00031986
30	0.27000000	0.20873204	0.00018776
30	0.28000000	0.21296316	0.00019606
30	0.29000000	0.21735839	0.00019919
30	0.30000000	0.22167078	0.00017557
30	0.31000000	0.22535813	0.00014708
30	0.32000000	0.22927310	0.00014674
30	0.33000000	0.23332019	0.00015404
30	0.34000000	0.23642671	0.00015407
30	0.35000000	0.24017793	0.00022782
30	0.36000000	0.24328010	0.00022872
30	0.37000000	0.24643493	0.00023603
30	0.38000000	0.24933900	0.00023454
30	0.39000000	0.25198260	0.00023611
30	0.40000000	0.25481168	0.00045383
30	0.50000000	0.27604707	0.00050562
30	0.60000000	0.28977534	0.00057470
30	0.70000000	0.29972817	0.00052920
30	0.80000000	0.30632202	0.00052471
30	0.90000000	0.31160880	0.00058868
30	1.00000000	0.31505087	0.00059148
30	1.10000000	0.31830919	0.00056858
30	1.20000000	0.32141567	0.00060808
30	1.30000000	0.32373210	0.00054423
30	1.40000000	0.32627408	0.00056259
32	0.31500000	0.22456774	0.00030039
36	0.00000000	0.07337405	0.00004142
36	0.10000000	0.11236677	0.00013530
36	0.12000000	0.12090666	0.00014920
36	0.14000000	0.13021157	0.00018235
36	0.16000000	0.14068548	0.00020563
36	0.18000000	0.15091260	0.00022296
36	0.20000000	0.16142581	0.00020039
36	0.22000000	0.17241900	0.00031496
36	0.24000000	0.18352732	0.00033446
36	0.26000000	0.19377615	0.00049998
36	0.27000000	0.19811492	0.00033448
36	0.28000000	0.20278786	0.00035626
36	0.29000000	0.20780881	0.00036132
36	0.30000000	0.21320787	0.00026135
36	0.31000000	0.21755676	0.00020534
36	0.32000000	0.22139760	0.00020679
36	0.33000000	0.22553874	0.00021278
36	0.34000000	0.22990449	0.00022333
36	0.35000000	0.23387850	0.00025845
36	0.36000000	0.23705418	0.00027102
36	0.37000000	0.24097780	0.00027386
36	0.38000000	0.24446776	0.00028939
36	0.39000000	0.24669695	0.00030194
36	0.40000000	0.25106277	0.00053959
36	0.50000000	0.27454202	0.00057116
36	0.60000000	0.28985296	0.00058717
36	0.70000000	0.29882490	0.00069316
36	0.80000000	0.30827745	0.00063140
36	0.90000000	0.31198410	0.00070699
36	1.00000000	0.31774573	0.00066333
36	1.10000000	0.31824064	0.00077567
36	1.20000000	0.32226104	0.00073417
36	1.30000000	0.32473832	0.00070171
36	1.40000000	0.32624079	0.00069606
40	0.12000000	0.11471270	0.00014987
40	0.14000000	0.12379846	0.00016542
40	0.16000000	0.13338761	0.00020246
40	0.18000000	0.14383017	0.00022718
40	0.20000000	0.15434831	0.00028322
40	0.22000000	0.16514782	0.00027484
40	0.24000000	0.17552213	0.00034352
40	0.31500000	0.21458780	0.00039725
42	0.00000000	0.06783581	0.00003622
42	0.10000000	0.10366453	0.00012556
42	0.20000000	0.15083362	0.00031655
42	0.30000000	0.20573031	0.00049005
42	0.31000000	0.21080124	0.00027564
42	0.32000000	0.21541195	0.00026751
42	0.33000000	0.22022627	0.00028710
42	0.34000000	0.22416270	0.00029473
42	0.35000000	0.22888871	0.00028522
42	0.36000000	0.23315331	0.00031508
42	0.37000000	0.23649135	0.00032779
42	0.38000000	0.24037898	0.00031832
42	0.39000000	0.24391189	0.00032614
42	0.40000000	0.24759246	0.00060135
42	0.50000000	0.27404704	0.00068453
42	0.60000000	0.28958348	0.00075853
42	0.70000000	0.30133840	0.00074488
42	0.80000000	0.30772948	0.00081531
42	0.90000000	0.31424082	0.00077310
42	1.00000000	0.31657997	0.00077261
42	1.10000000	0.32055142	0.00075462
42	1.20000000	0.32312172	0.00075820
42	1.30000000	0.32568063	0.00061292
42	1.40000000	0.32724206	0.00068626
48	0.00000000	0.06339590	0.00003413
48	0.10000000	0.09685224	0.00012566
48	0.12000000	0.10453034	0.00014529
48	0.14000000	0.11297953	0.00015995
48	0.16000000	0.12204625	0.00020020
48	0.18000000	0.13175368	0.00024582
48	0.20000000	0.14196113	0.00020458
48	0.22000000	0.15305922	0.00033503
48	0.24000000	0.16455752	0.00035494
48	0.26000000	0.17608942	0.00052602
48	0.27000000	0.18214934	0.00039132
48	0.28000000	0.18843514	0.00040612
48	0.29000000	0.19349995	0.00043530
48	0.30000000	0.19950072	0.00034173
48	0.31000000	0.20512761	0.00024781
48	0.31500000	0.20647325	0.00043225
48	0.32000000	0.20982500	0.00025585
48	0.33000000	0.21554309	0.00026196
48	0.34000000	0.22002687	0.00027623
48	0.35000000	0.22571216	0.00034702
48	0.36000000	0.23032834	0.00034804
48	0.37000000	0.23363386	0.00035833
48	0.38000000	0.23833938	0.00037238
48	0.39000000	0.24203644	0.00036915
48	0.40000000	0.24600864	0.00069803
48	0.50000000	0.27528105	0.00076518
48	0.60000000	0.29001604	0.00084089
48	0.70000000	0.30165449	0.00074083
48	0.80000000	0.30887047	0.00078415
48	0.90000000	0.31466855	0.00083446
48	1.00000000	0.31519804	0.00095560
48	1.10000000	0.31900102	0.00092119
48	1.20000000	0.32196466	0.00100084
48	1.30000000	0.32355031	0.00087743
48	1.40000000	0.32661699	0.00081329
54	0.00000000	0.05972372	0.00003194
54	0.10000000	0.09096758	0.00011995
54	0.20000000	0.13524414	0.00033410
54	0.30000000	0.19340866	0.00061234
54	0.31000000	0.20008176	0.00034623
54	0.32000000	0.20520675	0.00033598
54	0.33000000	0.21133622	0.00035248
54	0.34000000	0.21712512	0.00035002
54	0.35000000	0.22201463	0.00036222
54	0.36000000	0.22703901	0.00036804
54	0.37000000	0.23210648	0.00039730
54	0.38000000	0.23582223	0.00039689
54	0.39000000	0.24003441	0.00041422
54	0.40000000	0.24483319	0.00069646
54	0.50000000	0.27397193	0.00079908
54	0.60000000	0.29141733	0.00087118
54	0.70000000	0.30102931	0.00086894
54	0.80000000	0.30793297	0.00094624
54	0.90000000	0.31233910	0.00102962
54	1.00000000	0.31487873	0.00100619
54	1.10000000	0.31786742	0.00109219
54	1.20000000	0.32220813	0.00092326
54	1.30000000	0.32486903	0.00087710
54	1.40000000	0.32609371	0.00091051
60	0.00000000	0.05669964	0.00002980
60	0.10000000	0.08620624	0.00011293
60	0.12000000	0.09330862	0.00012530
60	0.14000000	0.10091066	0.00016262
60	0.16000000	0.10879174	0.00018692
60	0.18000000	0.11804522	0.00023666
60	0.20000000	0.12779534	0.00020255
60	0.22000000	0.13896534	0.00033508
60	0.24000000	0.15109352	0.00039648
60	0.26000000	0.16215501	0.00071300
60	0.27000000	0.16980348	0.00045030
60	0.28000000	0.17661627	0.00049326
60	0.29000000	0.18313625	0.00048354
60	0.30000000	0.18951971	0.00040241
60	0.31000000	0.19569649	0.00029244
60	0.31500000	0.19995293	0.00102376
60	0.32000000	0.20177617	0.00029593
60	0.33000000	0.20865902	0.00030974
60	0.34000000	0.21347904	0.00034549
60	0.35000000	0.21879788	0.00039900
60	0.36000000	0.22466354	0.00042258
60	0.37000000	0.22832164	0.00042906
60	0.38000000	0.23436978	0.00044136
60	0.39000000	0.23927903	0.00044858
60	0.40000000	0.24445516	0.00077128
60	0.50000000	0.27432070	0.00099572
60	0.60000000	0.29071331	0.00101411
60	0.70000000	0.30071183	0.00103236
60	0.80000000	0.30691791	0.00110197
60	0.90000000	0.31136803	0.00106418
60	1.00000000	0.31391283	0.00122193
60	1.10000000	0.31755182	0.00115129
60	1.20000000	0.32117058	0.00104147
60	1.30000000	0.32210111	0.00110636
60	1.40000000	0.32275405	0.00126689
64	0.00000000	0.05486044	0.00002166
64	0.10000000	0.08337131	0.00008282
64	0.20000000	0.12404120	0.00024291
64	0.30000000	0.18645442	0.00048623
64	0.40000000	0.24328996	0.00086505
64	0.50000000	0.27313126	0.00097428
64	0.60000000	0.28965998	0.00114855
64	0.70000000	0.30002456	0.00115109
64	0.80000000	0.30657344	0.00117336
64	0.90000000	0.31124934	0.00112186
64	1.00000000	0.31503989	0.00121055
64	1.10000000	0.31777496	0.00125405
64	1.20000000	0.31757638	0.00134711
64	1.30000000	0.32087632	0.00131184
64	1.40000000	0.32497489	0.00112137
72	0.00000000	0.05172459	0.00003152
72	0.10000000	0.07863349	0.00010804
72	0.12000000	0.08478884	0.00012128
72	0.14000000	0.09213545	0.00015451
72	0.16000000	0.09910053	0.00018643
72	0.18000000	0.10754548	0.00022637
72	0.20000000	0.11695028	0.00022809
72	0.22000000	0.12807042	0.00033788
72	0.24000000	0.13915720	0.00040459
72	0.26000000	0.15165469	0.00081778
72	0.27000000	0.16001748	0.00048339
72	0.28000000	0.16736428	0.00049921
72	0.29000000	0.17391558	0.00052551
72	0.30000000	0.18122348	0.00056793
72	0.31000000	0.18925514	0.00057779
72	0.32000000	0.19568073	0.00063819
72	0.33000000	0.20250792	0.00066713
72	0.34000000	0.21002974	0.00070617
72	0.40000000	0.24561089	0.00448430
72	0.50000000	0.27318919	0.00113297
72	0.60000000	0.29182765	0.00078219
72	0.70000000	0.29854151	0.00126461
72	0.80000000	0.30515790	0.00129411
72	0.90000000	0.31088125	0.00111625
72	1.00000000	0.31522831	0.00118156
72	1.10000000	0.32064089	0.00090516
72	1.20000000	0.31989602	0.00140361
72	1.30000000	0.31951072	0.00144099
72	1.40000000	0.32332373	0.00131957
72	1.50000000	0.32316180	0.00140483
80	0.00000000	0.04904881	0.00002853
80	0.10000000	0.07439412	0.00010541
80	0.12000000	0.08027913	0.00011808
80	0.14000000	0.08673532	0.00015201
80	0.16000000	0.09409951	0.00017614
80	0.18000000	0.10193659	0.00021101
80	0.20000000	0.11103311	0.00022056
80	0.22000000	0.12133861	0.00035528
80	0.24000000	0.13324246	0.00042261
80	0.30000000	0.17747120	0.00074834
80	0.40000000	0.24191823	0.00101266
80	0.50000000	0.27389439	0.00112500
80	0.60000000	0.28908072	0.00115176
80	0.70000000	0.29909081	0.00124348
80	0.80000000	0.30512014	0.00136423
80	0.90000000	0.30928169	0.00137973
80	1.00000000	0.31162953	0.00142523
80	1.10000000	0.31562557	0.00154612
80	1.20000000	0.31871215	0.00130104
80	1.30000000	0.32442975	0.00114790
80	1.40000000	0.31975984	0.00168086
96	0.12000000	0.07328460	0.00009991
96	0.26000000	0.13646793	0.00078644
96	0.27000000	0.14369266	0.00054823
96	0.28000000	0.15237045	0.00058514
96	0.29000000	0.16149927	0.00081303
96	0.30000000	0.16926654	0.00088588
96	0.31000000	0.17785971	0.00108538
96	0.32000000	0.18807065	0.00117157
96	0.33000000	0.19269791	0.00138595
96	0.34000000	0.20384919	0.00147350
