12	0.00000000	0.02526084	0.00002120
12	0.10000000	0.04998572	0.00005364
12	0.12000000	0.05473158	0.00005260
12	0.14000000	0.05932122	0.00006266
12	0.16000000	0.06344972	0.00006414
12	0.18000000	0.06726989	0.00006503
12	0.20000000	0.07086883	0.00005159
12	0.22000000	0.07415283	0.00006660
12	0.24000000	0.07700770	0.00006634
12	0.26000000	0.07963171	0.00007300
12	0.27000000	0.08100727	0.00004261
12	0.28000000	0.08228704	0.00004200
12	0.29000000	0.08330207	0.00004163
12	0.30000000	0.08446610	0.00003938
12	0.31000000	0.08543215	0.00003129
12	0.31500000	0.08589654	0.00007866
12	0.32000000	0.08645378	0.00003109
12	0.33000000	0.08730624	0.00003215
12	0.34000000	0.08833500	0.00003275
12	0.35000000	0.08915037	0.00004821
12	0.36000000	0.08986354	0.00004716
12	0.37000000	0.09068515	0.00004769
12	0.38000000	0.09148189	0.00004830
12	0.39000000	0.09224360	0.00004978
12	0.40000000	0.09285565	0.00009296
12	0.50000000	0.09839111	0.00008960
12	0.60000000	0.10209288	0.00009785
12	0.70000000	0.10491362	0.00010026
12	0.80000000	0.10730814	0.00010841
12	0.90000000	0.10875979	0.00010454
12	1.00000000	0.11022442	0.00010974
12	1.10000000	0.11115830	0.00011733
12	1.20000000	0.11203320	0.00010328
12	1.30000000	0.11277478	0.00011426
12	1.40000000	0.11353208	0.00011135
16	0.31500000	0.07862996	0.00007153
18	0.00000000	0.01683221	0.00001530
18	0.10000000	0.03583784	0.00005567
18	0.12000000	0.04015238	0.00005842
18	0.14000000	0.04457987	0.00006397
18	0.16000000	0.04892342	0.00007093
18	0.18000000	0.05305782	0.00007282
18	0.20000000	0.05720429	0.00005802
18	0.22000000	0.06089214	0.00009131
18	0.24000000	0.06459153	0.00009257
18	0.26000000	0.06793203	0.00009262
18	0.27000000	0.06935091	0.00005631
18	0.28000000	0.07091816	0.00005836
18	0.29000000	0.07225344	0.00005996
18	0.30000000	0.07373388	0.00005370
18	0.31000000	0.07502251	0.00004306
18	0.32000000	0.07635532	0.00004176
18	0.33000000	0.07752490	0.00004565
18	0.34000000	0.07859125	0.00004459
18	0.35000000	0.07984647	0.00006494
18	0.36000000	0.08088346	0.00006513
18	0.37000000	0.08196752	0.00006795
18	0.38000000	0.08292347	0.00006900
18	0.39000000	0.08378909	0.00006814
18	0.40000000	0.08493536	0.00013008
18	0.50000000	0.09216711	0.00013942
18	0.60000000	0.09717156	0.00015371
18	0.70000000	0.10077277	0.00015426
18	0.80000000	0.10366964	0.00015229
18	0.90000000	0.10557954	0.00015933
18	1.00000000	0.10721822	0.00015507
18	1.10000000	0.10879334	0.00016760
18	1.20000000	0.10993273	0.00016156
18	1.30000000	0.11076249	0.00017511
18	1.40000000	0.11185849	0.00016398
20	0.31500000	0.07323139	0.00009887
24	0.00000000	0.01259334	0.00001300
24	0.10000000	0.02770016	0.00004973
24	0.12000000	0.03157151	0.00005618
24	0.14000000	0.03550174	0.00005822
24	0.16000000	0.03946942	0.00007592
24	0.18000000	0.04354449	0.00008412
24	0.20000000	0.04782331	0.00006667
24	0.22000000	0.05178671	0.00009690
24	0.24000000	0.05582591	0.00010432
24	0.26000000	0.05961097	0.00011728
24	0.27000000	0.06127824	0.00006649
24	0.28000000	0.06294537	0.00006568
24	0.29000000	0.06474162	0.00006804
24	0.30000000	0.06636652	0.00006634
24	0.31000000	0.06790525	0.00004964
24	0.31500000	0.06875020	0.00011367
24	0.32000000	0.06930696	0.00005232
24	0.33000000	0.07075444	0.00005480
24	0.34000000	0.07223673	0.00005427
24	0.35000000	0.07361903	0.00008008
24	0.36000000	0.07470597	0.00008026
24	0.37000000	0.07620121	0.00008089
24	0.38000000	0.07716465	0.00008144
24	0.39000000	0.07846941	0.00008356
24	0.40000000	0.07940813	0.00015913
24	0.50000000	0.08817104	0.00016246
24	0.60000000	0.09417937	0.00018130
24	0.70000000	0.09869383	0.00021343
24	0.80000000	0.10176795	0.00021435
24	0.90000000	0.10451120	0.00021264
24	1.00000000	0.10633064	0.00020912
24	1.10000000	0.10803264	0.00019321
24	1.20000000	0.10940115	0.00023215
24	1.30000000	0.11073980	0.00025048
24	1.40000000	0.11151865	0.00022831
30	0.00000000	0.01005694	0.00000995
30	0.10000000	0.02235129	0.00004460
30	0.12000000	0.02567021	0.00004794
30	0.14000000	0.02931966	0.00005533
30	0.16000000	0.03307770	0.00006644
30	0.18000000	0.03706543	0.00008404
30	0.20000000	0.04110498	0.00007018
30	0.22000000	0.04525707	0.00010895
30	0.24000000	0.04942106	0.00011074
30	0.26000000	0.05327597	0.00012352
30	0.27000000	0.05528707	0.00007317
30	0.28000000	0.05709277	0.00007701
30	0.29000000	0.05899380	0.00007887
30	0.30000000	0.06085989	0.00006975
30	0.31000000	0.06248665	0.00005917
30	0.32000000	0.06422426	0.00005913
30	0.33000000	0.06600495	0.00006243
30	0.34000000	0.06741645	0.00006290
30	0.35000000	0.06910279	0.00009289
30	0.36000000	0.07050912	0.00009418
30	0.37000000	0.07193561	0.00009744
30	0.38000000	0.07328891	0.00009746
30	0.39000000	0.07452771	0.00009823
30	0.40000000	0.07582776	0.00018975
30	0.50000000	0.08597038	0.00021927
30	0.60000000	0.09281336	0.00025366
30	0.70000000	0.09789205	0.00023686
30	0.80000000	0.10134449	0.00023778
30	0.90000000	0.10415638	0.00026969
30	1.00000000	0.10604384	0.00027124
30	1.10000000	0.10780738	0.00026488
30	1.20000000	0.10949217	0.00028314
30	1.30000000	0.11075070	0.00025397
30	1.40000000	0.11210627	0.00026103
32	0.31500000	0.06194779	0.00011995
36	0.00000000	0.00838724	0.00000894
36	0.10000000	0.01884490	0.00004014
36	0.12000000	0.02157674	0.00004617
36	0.14000000	0.02467870	0.00005887
36	0.16000000	0.02829556	0.00006882
36	0.18000000	0.03198153	0.00007628
36	0.20000000	0.03591997	0.00006966
36	0.22000000	0.04012576	0.00011381
36	0.24000000	0.04445387	0.00012302
36	0.26000000	0.04863693	0.00018613
36	0.27000000	0.05041131	0.00012602
36	0.28000000	0.05235637	0.00013632
36	0.29000000	0.05445346	0.00013892
36	0.30000000	0.05670441	0.00010181
36	0.31000000	0.05856503	0.00008023
36	0.32000000	0.06024440	0.00008115
36	0.33000000	0.06204064	0.00008442
36	0.34000000	0.06394475	0.00008907
36	0.35000000	0.06568028	0.00010352
36	0.36000000	0.06709651	0.00010925
36	0.37000000	0.06886069	0.00011093
36	0.38000000	0.07042091	0.00011812
36	0.39000000	0.07148344	0.00012332
36	0.40000000	0.07340765	0.00022149
36	0.50000000	0.08446250	0.00024195
36	0.60000000	0.09205180	0.00025661
36	0.70000000	0.09671258	0.00030646
36	0.80000000	0.10151027	0.00028336
36	0.90000000	0.10363481	0.00032167
36	1.00000000	0.10664177	0.00030164
36	1.10000000	0.10715751	0.00035538
36	1.20000000	0.10928320	0.00033919
36	1.30000000	0.11061153	0.00032532
36	1.40000000	0.11148951	0.00032343
40	0.12000000	0.01954951	0.00004418
40	0.14000000	0.02246802	0.00005136
40	0.16000000	0.02569871	0.00006531
40	0.18000000	0.02934636	0.00007477
40	0.20000000	0.03315002	0.00009692
40	0.22000000	0.03716609	0.00009776
40	0.24000000	0.04119226	0.00012285
40	0.31500000	0.05701557	0.00015410
42	0.00000000	0.00717776	0.00000720
42	0.10000000	0.01617525	0.00003482
42	0.20000000	0.03181904	0.00010747
42	0.30000000	0.05316585	0.00018336
42	0.31000000	0.05526300	0.00010552
42	0.32000000	0.05722266	0.00010266
42	0.33000000	0.05924217	0.00011130
42	0.34000000	0.06095187	0.00011485
42	0.35000000	0.06299405	0.00011197
42	0.36000000	0.06480519	0.00012436
42	0.37000000	0.06630584	0.00013011
42	0.38000000	0.06802621	0.00012767
42	0.39000000	0.06960979	0.00013111
42	0.40000000	0.07126446	0.00024315
42	0.50000000	0.08355659	0.00029005
42	0.60000000	0.09128033	0.00032463
42	0.70000000	0.09720755	0.00032819
42	0.80000000	0.10067382	0.00036183
42	0.90000000	0.10408153	0.00034774
42	1.00000000	0.10554755	0.00035190
42	1.10000000	0.10768864	0.00034586
42	1.20000000	0.10913215	0.00034940
42	1.30000000	0.11053184	0.00028190
42	1.40000000	0.11146626	0.00031616
48	0.00000000	0.00627371	0.00000647
48	0.10000000	0.01419654	0.00003369
48	0.12000000	0.01639938	0.00004091
48	0.14000000	0.01893257	0.00004622
48	0.16000000	0.02180072	0.00006052
48	0.18000000	0.02500098	0.00007711
48	0.20000000	0.02850459	0.00006662
48	0.22000000	0.03247422	0.00011209
48	0.24000000	0.03669910	0.00012244
48	0.26000000	0.04102226	0.00018651
48	0.27000000	0.04342251	0.00014010
48	0.28000000	0.04583871	0.00014687
48	0.29000000	0.04789399	0.00016012
48	0.30000000	0.05026523	0.00012724
48	0.31000000	0.05253363	0.00009236
48	0.31500000	0.05311565	0.00016242
48	0.32000000	0.05447224	0.00009685
48	0.33000000	0.05682331	0.00009961
48	0.34000000	0.05872112	0.00010607
48	0.35000000	0.06110007	0.00013407
48	0.36000000	0.06307377	0.00013506
48	0.37000000	0.06452394	0.00014030
48	0.38000000	0.06658619	0.00014654
48	0.39000000	0.06821207	0.00014619
48	0.40000000	0.06997720	0.00027647
48	0.50000000	0.08344690	0.00032014
48	0.60000000	0.09085953	0.00036100
48	0.70000000	0.09681293	0.00032515
48	0.80000000	0.10067218	0.00034724
48	0.90000000	0.10381756	0.00037325
48	1.00000000	0.10451950	0.00042823
48	1.10000000	0.10655049	0.00041959
48	1.20000000	0.10821146	0.00045550
48	1.30000000	0.10916585	0.00040171
48	1.40000000	0.11076765	0.00037617
54	0.00000000	0.00557336	0.00000558
54	0.10000000	0.01258327	0.00002985
54	0.20000000	0.02606962	0.00010474
54	0.30000000	0.04754055	0.00022123
54	0.31000000	0.05016260	0.00012705
54	0.32000000	0.05221548	0.00012384
54	0.33000000	0.05470109	0.00013165
54	0.34000000	0.05707693	0.00013222
54	0.35000000	0.05914024	0.00013808
54	0.36000000	0.06124314	0.00014102
54	0.37000000	0.06340834	0.00015350
54	0.38000000	0.06502666	0.00015452
54	0.39000000	0.06684857	0.00016254
54	0.40000000	0.06894441	0.00027701
54	0.50000000	0.08235792	0.00032776
54	0.60000000	0.09096181	0.00037070
54	0.70000000	0.09607645	0.00037788
54	0.80000000	0.09982566	0.00041957
54	0.90000000	0.10237838	0.00045826
54	1.00000000	0.10396290	0.00045083
54	1.10000000	0.10569253	0.00049128
54	1.20000000	0.10795007	0.00042009
54	1.30000000	0.10941992	0.00040262
54	1.40000000	0.11020785	0.00041889
60	0.00000000	0.00502591	0.00000501
60	0.10000000	0.01134507	0.00002756
60	0.12000000	0.01319482	0.00003249
60	0.14000000	0.01528390	0.00004411
60	0.16000000	0.01760493	0.00005381
60	0.18000000	0.02041625	0.00006973
60	0.20000000	0.02354139	0.00006199
60	0.22000000	0.02728807	0.00010539
60	0.24000000	0.03146489	0.00012935
60	0.26000000	0.03551512	0.00024037
60	0.27000000	0.03824033	0.00015328
60	0.28000000	0.04077530	0.00017120
60	0.29000000	0.04321862	0.00016961
60	0.30000000	0.04570383	0.00014303
60	0.31000000	0.04810597	0.00010502
60	0.31500000	0.04975918	0.00036673
60	0.32000000	0.05051072	0.00010740
60	0.33000000	0.05324361	0.00011365
60	0.34000000	0.05523628	0.00012775
60	0.35000000	0.05741399	0.00014938
60	0.36000000	0.05983912	0.00015964
60	0.37000000	0.06144253	0.00016317
60	0.38000000	0.06395712	0.00016875
60	0.39000000	0.06605925	0.00017360
60	0.40000000	0.06826476	0.00030139
60	0.50000000	0.08205805	0.00040342
60	0.60000000	0.09029965	0.00042929
60	0.70000000	0.09559828	0.00044510
60	0.80000000	0.09909001	0.00048084
60	0.90000000	0.10156967	0.00047708
60	1.00000000	0.10325306	0.00054503
60	1.10000000	0.10526860	0.00051897
60	1.20000000	0.10719410	0.00047422
60	1.30000000	0.10786904	0.00050481
60	1.40000000	0.10845236	0.00057645
64	0.00000000	0.00470689	0.00000348
64	0.10000000	0.01063573	0.00001930
64	0.20000000	0.02229145	0.00007288
64	0.30000000	0.04434275	0.00017104
64	0.40000000	0.06750331	0.00033709
64	0.50000000	0.08129501	0.00039476
64	0.60000000	0.08959431	0.00047986
64	0.70000000	0.09505812	0.00049540
64	0.80000000	0.09867957	0.00051352
64	0.90000000	0.10137471	0.00049542
64	1.00000000	0.10355985	0.00054018
64	1.10000000	0.10519766	0.00056089
64	1.20000000	0.10546287	0.00060327
64	1.30000000	0.10718065	0.00059654
64	1.40000000	0.10933974	0.00050971
72	0.00000000	0.00418811	0.00000471
72	0.10000000	0.00948616	0.00002451
72	0.12000000	0.01097222	0.00002862
72	0.14000000	0.01285134	0.00003901
72	0.16000000	0.01473791	0.00004863
72	0.18000000	0.01715539	0.00006224
72	0.20000000	0.01997975	0.00006693
72	0.22000000	0.02350003	0.00010286
72	0.24000000	0.02717429	0.00012545
72	0.26000000	0.03146105	0.00026098
72	0.27000000	0.03432777	0.00015908
72	0.28000000	0.03695628	0.00016813
72	0.29000000	0.03937073	0.00017942
72	0.30000000	0.04208229	0.00019618
72	0.31000000	0.04505032	0.00020339
72	0.32000000	0.04755731	0.00022583
72	0.33000000	0.05020873	0.00023891
72	0.34000000	0.05313722	0.00025696
72	0.40000000	0.06798213	0.00164383
72	0.50000000	0.08081133	0.00046143
72	0.60000000	0.09004974	0.00032979
72	0.70000000	0.09405713	0.00053871
72	0.80000000	0.09775882	0.00056248
72	0.90000000	0.10091535	0.00049259
72	1.00000000	0.10335334	0.00052649
72	1.10000000	0.10619797	0.00040583
72	1.20000000	0.10620422	0.00063220
72	1.30000000	0.10633920	0.00064828
72	1.40000000	0.10827970	0.00059787
72	1.50000000	0.10840805	0.00063782
80	0.00000000	0.00376647	0.00000412
80	0.10000000	0.00851856	0.00002242
80	0.12000000	0.00986138	0.00002703
80	0.14000000	0.01144180	0.00003609
80	0.16000000	0.01335722	0.00004498
80	0.18000000	0.01549721	0.00005678
80	0.20000000	0.01815325	0.00006158
80	0.22000000	0.02129418	0.00010439
80	0.24000000	0.02508680	0.00012923
80	0.30000000	0.04040424	0.00025279
80	0.40000000	0.06597705	0.00038091
80	0.50000000	0.08067241	0.00045119
80	0.60000000	0.08853683	0.00047695
80	0.70000000	0.09396251	0.00052944
80	0.80000000	0.09750417	0.00058830
80	0.90000000	0.09992322	0.00060211
80	1.00000000	0.10150105	0.00062969
80	1.10000000	0.10372830	0.00068343
80	1.20000000	0.10542421	0.00058428
80	1.30000000	0.10834801	0.00051934
80	1.40000000	0.10648833	0.00075832
96	0.12000000	0.00825491	0.00002079
96	0.26000000	0.02589794	0.00024205
96	0.27000000	0.02826557	0.00016890
96	0.28000000	0.03116380	0.00018549
96	0.29000000	0.03425081	0.00026084
96	0.30000000	0.03702559	0.00028866
96	0.31000000	0.04010518	0.00036104
96	0.32000000	0.04376756	0.00039695
96	0.33000000	0.04553894	0.00047530
96	0.34000000	0.04975690	0.00051105
