12	0.00000000	0.65266884	0.00018017
12	0.10000000	0.74202983	0.00025190
12	0.12000000	0.75856452	0.00024155
12	0.14000000	0.77451069	0.00029780
12	0.16000000	0.78867819	0.00028016
12	0.18000000	0.80128525	0.00029191
12	0.20000000	0.81282639	0.00022437
12	0.22000000	0.82310321	0.00029144
12	0.24000000	0.83211617	0.00028262
12	0.26000000	0.84000669	0.00031807
12	0.27000000	0.84438703	0.00018045
12	0.28000000	0.84824937	0.00017638
12	0.29000000	0.85102302	0.00017327
12	0.30000000	0.85451128	0.00016753
12	0.31000000	0.85730946	0.00013009
12	0.31500000	0.85859700	0.00031254
12	0.32000000	0.86018884	0.00013201
12	0.33000000	0.86249083	0.00013399
12	0.34000000	0.86558324	0.00013525
12	0.35000000	0.86775084	0.00019929
12	0.36000000	0.86960918	0.00019735
12	0.37000000	0.87183023	0.00019638
12	0.38000000	0.87422897	0.00020025
12	0.39000000	0.87624117	0.00020352
12	0.40000000	0.87759094	0.00037100
12	0.50000000	0.89213199	0.00036770
12	0.60000000	0.90090391	0.00039526
12	0.70000000	0.90745544	0.00039605
12	0.80000000	0.91313940	0.00044216
12	0.90000000	0.91594444	0.00040154
12	1.00000000	0.91926174	0.00043391
12	1.10000000	0.92124891	0.00045619
12	1.20000000	0.92285303	0.00041123
12	1.30000000	0.92435458	0.00044834
12	1.40000000	0.92619419	0.00044468
16	0.31500000	0.84215738	0.00030676
18	0.00000000	0.64809933	0.00015958
18	0.10000000	0.70835667	0.00030013
18	0.12000000	0.72211376	0.00032202
18	0.14000000	0.73731833	0.00032836
18	0.16000000	0.75107287	0.00035594
18	0.18000000	0.76483694	0.00035726
18	0.20000000	0.77851105	0.00028261
18	0.22000000	0.78991504	0.00045154
18	0.24000000	0.80175954	0.00043297
18	0.26000000	0.81243918	0.00042772
18	0.27000000	0.81657357	0.00026621
18	0.28000000	0.82181831	0.00027428
18	0.29000000	0.82561350	0.00028423
18	0.30000000	0.83029073	0.00025167
18	0.31000000	0.83409487	0.00019960
18	0.32000000	0.83805750	0.00019376
18	0.33000000	0.84146639	0.00021126
18	0.34000000	0.84440167	0.00020277
18	0.35000000	0.84829091	0.00029205
18	0.36000000	0.85106751	0.00029700
18	0.37000000	0.85429512	0.00030393
18	0.38000000	0.85703499	0.00030610
18	0.39000000	0.85946060	0.00030599
18	0.40000000	0.86276670	0.00060248
18	0.50000000	0.88204282	0.00060510
18	0.60000000	0.89488478	0.00063435
18	0.70000000	0.90368257	0.00063189
18	0.80000000	0.91074566	0.00062491
18	0.90000000	0.91458168	0.00063369
18	1.00000000	0.91815122	0.00063166
18	1.10000000	0.92221901	0.00066262
18	1.20000000	0.92448730	0.00063394
18	1.30000000	0.92593817	0.00068950
18	1.40000000	0.92884526	0.00064146
20	0.31500000	0.83197939	0.00045586
24	0.00000000	0.64496922	0.00015641
24	0.10000000	0.68909486	0.00029954
24	0.12000000	0.70130922	0.00032259
24	0.14000000	0.71388834	0.00035087
24	0.16000000	0.72732684	0.00041861
24	0.18000000	0.74051731	0.00044714
24	0.20000000	0.75502138	0.00035953
24	0.22000000	0.76840034	0.00051946
24	0.24000000	0.78225615	0.00054407
24	0.26000000	0.79475658	0.00058338
24	0.27000000	0.79992992	0.00033074
24	0.28000000	0.80526476	0.00032545
24	0.29000000	0.81125155	0.00033338
24	0.30000000	0.81656987	0.00032405
24	0.31000000	0.82151847	0.00024152
24	0.31500000	0.82437078	0.00057829
24	0.32000000	0.82570459	0.00025626
24	0.33000000	0.83023964	0.00026429
24	0.34000000	0.83515107	0.00026191
24	0.35000000	0.83936976	0.00038042
24	0.36000000	0.84236811	0.00038007
24	0.37000000	0.84732100	0.00037416
24	0.38000000	0.84972344	0.00038114
24	0.39000000	0.85405533	0.00039190
24	0.40000000	0.85684970	0.00072534
24	0.50000000	0.88130052	0.00072066
24	0.60000000	0.89742096	0.00079488
24	0.70000000	0.90895670	0.00089341
24	0.80000000	0.91616858	0.00090134
24	0.90000000	0.92290459	0.00087032
24	1.00000000	0.92681564	0.00083330
24	1.10000000	0.93054512	0.00078760
24	1.20000000	0.93350893	0.00092064
24	1.30000000	0.93688177	0.00097415
24	1.40000000	0.93802679	0.00090667
30	0.00000000	0.64288777	0.00016566
30	0.10000000	0.67721614	0.00028099
30	0.12000000	0.68736963	0.00031553
30	0.14000000	0.69932714	0.00034959
30	0.16000000	0.71106605	0.00038711
30	0.18000000	0.72479828	0.00048522
30	0.20000000	0.73867716	0.00039355
30	0.22000000	0.75298485	0.00059545
30	0.24000000	0.76798480	0.00059071
30	0.26000000	0.78120569	0.00066529
30	0.27000000	0.78816284	0.00038938
30	0.28000000	0.79449354	0.00040421
30	0.29000000	0.80095266	0.00040898
30	0.30000000	0.80749590	0.00036544
30	0.31000000	0.81286114	0.00030027
30	0.32000000	0.81857636	0.00030246
30	0.33000000	0.82486406	0.00031685
30	0.34000000	0.82923862	0.00031502
30	0.35000000	0.83487317	0.00047102
30	0.36000000	0.83949390	0.00046657
30	0.37000000	0.84432681	0.00048258
30	0.38000000	0.84838024	0.00047692
30	0.39000000	0.85205863	0.00048214
30	0.40000000	0.85636345	0.00092666
30	0.50000000	0.88646889	0.00099532
30	0.60000000	0.90482195	0.00112513
30	0.70000000	0.91779649	0.00102847
30	0.80000000	0.92596048	0.00100659
30	0.90000000	0.93234853	0.00110966
30	1.00000000	0.93609084	0.00112236
30	1.10000000	0.93991946	0.00104961
30	1.20000000	0.94361521	0.00112855
30	1.30000000	0.94636622	0.00101547
30	1.40000000	0.94966193	0.00106393
32	0.31500000	0.81411424	0.00062900
36	0.00000000	0.64193393	0.00016685
36	0.10000000	0.67013258	0.00028493
36	0.12000000	0.67764793	0.00030326
36	0.14000000	0.68719890	0.00035960
36	0.16000000	0.69965256	0.00039990
36	0.18000000	0.71226728	0.00046951
36	0.20000000	0.72561987	0.00042704
36	0.22000000	0.74106474	0.00064078
36	0.24000000	0.75786049	0.00070111
36	0.26000000	0.77215544	0.00107654
36	0.27000000	0.77874823	0.00070835
36	0.28000000	0.78561966	0.00073886
36	0.29000000	0.79321832	0.00075606
36	0.30000000	0.80179541	0.00054504
36	0.31000000	0.80833198	0.00043144
36	0.32000000	0.81378033	0.00043468
36	0.33000000	0.82005916	0.00044257
36	0.34000000	0.82674464	0.00046356
36	0.35000000	0.83294475	0.00053973
36	0.36000000	0.83766420	0.00056186
36	0.37000000	0.84344144	0.00056945
36	0.38000000	0.84882765	0.00059537
36	0.39000000	0.85153489	0.00062616
36	0.40000000	0.85879946	0.00111980
36	0.50000000	0.89250374	0.00116914
36	0.60000000	0.91280038	0.00116288
36	0.70000000	0.92345832	0.00135830
36	0.80000000	0.93632023	0.00122338
36	0.90000000	0.93934215	0.00134249
36	1.00000000	0.94685607	0.00127012
36	1.10000000	0.94528289	0.00146104
36	1.20000000	0.95044591	0.00136924
36	1.30000000	0.95350821	0.00130712
36	1.40000000	0.95476985	0.00129351
40	0.12000000	0.67326800	0.00034103
40	0.14000000	0.68228434	0.00036215
40	0.16000000	0.69252368	0.00042408
40	0.18000000	0.70509507	0.00048663
40	0.20000000	0.71887141	0.00059788
40	0.22000000	0.73400899	0.00057617
40	0.24000000	0.74810465	0.00074350
40	0.31500000	0.80769804	0.00083036
42	0.00000000	0.64113664	0.00015654
42	0.10000000	0.66449508	0.00030222
42	0.20000000	0.71525048	0.00065266
42	0.30000000	0.79628802	0.00107950
42	0.31000000	0.80431701	0.00058334
42	0.32000000	0.81108910	0.00057597
42	0.33000000	0.81886683	0.00061195
42	0.34000000	0.82459934	0.00062830
42	0.35000000	0.83183958	0.00060758
42	0.36000000	0.83902790	0.00066881
42	0.37000000	0.84369425	0.00069295
42	0.38000000	0.84960002	0.00066557
42	0.39000000	0.85485187	0.00068760
42	0.40000000	0.86037976	0.00126676
42	0.50000000	0.89899336	0.00137814
42	0.60000000	0.91886372	0.00154990
42	0.70000000	0.93430133	0.00145465
42	0.80000000	0.94082056	0.00159127
42	0.90000000	0.94892062	0.00147369
42	1.00000000	0.94971692	0.00146238
42	1.10000000	0.95432360	0.00141644
42	1.20000000	0.95686710	0.00140601
42	1.30000000	0.95970842	0.00116004
42	1.40000000	0.96083193	0.00129477
48	0.00000000	0.64065090	0.00015495
48	0.10000000	0.66090910	0.00027742
48	0.12000000	0.66648785	0.00031828
48	0.14000000	0.67438477	0.00038000
48	0.16000000	0.68346754	0.00043465
48	0.18000000	0.69459664	0.00051735
48	0.20000000	0.70727103	0.00043601
48	0.22000000	0.72169691	0.00072106
48	0.24000000	0.73813036	0.00078779
48	0.26000000	0.75606419	0.00113226
48	0.27000000	0.76436160	0.00085117
48	0.28000000	0.77489419	0.00089364
48	0.29000000	0.78206477	0.00093502
48	0.30000000	0.79208845	0.00073246
48	0.31000000	0.80121528	0.00054318
48	0.31500000	0.80268968	0.00093155
48	0.32000000	0.80850328	0.00054791
48	0.33000000	0.81785030	0.00056868
48	0.34000000	0.82470087	0.00059233
48	0.35000000	0.83407781	0.00074576
48	0.36000000	0.84134577	0.00075141
48	0.37000000	0.84622052	0.00076611
48	0.38000000	0.85337258	0.00079747
48	0.39000000	0.85906225	0.00078927
48	0.40000000	0.86508953	0.00149971
48	0.50000000	0.90834217	0.00156267
48	0.60000000	0.92594493	0.00168187
48	0.70000000	0.94008146	0.00145137
48	0.80000000	0.94781339	0.00153385
48	0.90000000	0.95395450	0.00159902
48	1.00000000	0.95078104	0.00184800
48	1.10000000	0.95529872	0.00173102
48	1.20000000	0.95822124	0.00188818
48	1.30000000	0.95915350	0.00165256
48	1.40000000	0.96326328	0.00150725
54	0.00000000	0.64002667	0.00017058
54	0.10000000	0.65778413	0.00030352
54	0.20000000	0.70196563	0.00071800
54	0.30000000	0.78721268	0.00135877
54	0.31000000	0.79843881	0.00076002
54	0.32000000	0.80678859	0.00074351
54	0.33000000	0.81682558	0.00077169
54	0.34000000	0.82626646	0.00076658
54	0.35000000	0.83375873	0.00078669
54	0.36000000	0.84196595	0.00080330
54	0.37000000	0.84994487	0.00086190
54	0.38000000	0.85552629	0.00085855
54	0.39000000	0.86221659	0.00088659
54	0.40000000	0.86969625	0.00147594
54	0.50000000	0.91162120	0.00169293
54	0.60000000	0.93387693	0.00175578
54	0.70000000	0.94343341	0.00171202
54	0.80000000	0.95016714	0.00181144
54	0.90000000	0.95321059	0.00197158
54	1.00000000	0.95397261	0.00193752
54	1.10000000	0.95631045	0.00208373
54	1.20000000	0.96196012	0.00173757
54	1.30000000	0.96476400	0.00162156
54	1.40000000	0.96510288	0.00169380
60	0.00000000	0.63968837	0.00018693
60	0.10000000	0.65522036	0.00029889
60	0.12000000	0.66005358	0.00030041
60	0.14000000	0.66652470	0.00036230
60	0.16000000	0.67260055	0.00039875
60	0.18000000	0.68286859	0.00052174
60	0.20000000	0.69409718	0.00044756
60	0.22000000	0.70805891	0.00075315
60	0.24000000	0.72594901	0.00089077
60	0.26000000	0.74080502	0.00159427
60	0.27000000	0.75443786	0.00102470
60	0.28000000	0.76547174	0.00109773
60	0.29000000	0.77642618	0.00109435
60	0.30000000	0.78630001	0.00090864
60	0.31000000	0.79650089	0.00065946
60	0.31500000	0.80364664	0.00234938
60	0.32000000	0.80640976	0.00066738
60	0.33000000	0.81809010	0.00069616
60	0.34000000	0.82545603	0.00077714
60	0.35000000	0.83419285	0.00088683
60	0.36000000	0.84388577	0.00093138
60	0.37000000	0.84882701	0.00094513
60	0.38000000	0.85921215	0.00097836
60	0.39000000	0.86708616	0.00097878
60	0.40000000	0.87568787	0.00168147
60	0.50000000	0.91741295	0.00212014
60	0.60000000	0.93628681	0.00204131
60	0.70000000	0.94626907	0.00203327
60	0.80000000	0.95100140	0.00216458
60	0.90000000	0.95489475	0.00198847
60	1.00000000	0.95481467	0.00232847
60	1.10000000	0.95830893	0.00217288
60	1.20000000	0.96259138	0.00194218
60	1.30000000	0.96217174	0.00204572
60	1.40000000	0.96097686	0.00236186
64	0.00000000	0.63944906	0.00012730
64	0.10000000	0.65370191	0.00022524
64	0.20000000	0.69067737	0.00052534
64	0.30000000	0.78444127	0.00109657
64	0.40000000	0.87731691	0.00185595
64	0.50000000	0.91800617	0.00207422
64	0.60000000	0.93692217	0.00235623
64	0.70000000	0.94738150	0.00227248
64	0.80000000	0.95288021	0.00228093
64	0.90000000	0.95601362	0.00215738
64	1.00000000	0.95884066	0.00228856
64	1.10000000	0.96039271	0.00236884
64	1.20000000	0.95680824	0.00258184
64	1.30000000	0.96115501	0.00242974
64	1.40000000	0.96623001	0.00209953
72	0.00000000	0.63885257	0.00016115
72	0.10000000	0.65197640	0.00031884
72	0.12000000	0.65544326	0.00032292
72	0.14000000	0.66086069	0.00039653
72	0.16000000	0.66670772	0.00045180
72	0.18000000	0.67458589	0.00052270
72	0.20000000	0.68500622	0.00049229
72	0.22000000	0.69848802	0.00073438
72	0.24000000	0.71312637	0.00094364
72	0.26000000	0.73167017	0.00189551
72	0.27000000	0.74653389	0.00110576
72	0.28000000	0.75853769	0.00113854
72	0.29000000	0.76882971	0.00119644
72	0.30000000	0.78107731	0.00127400
72	0.31000000	0.79562565	0.00129587
72	0.32000000	0.80574372	0.00145605
72	0.33000000	0.81736489	0.00151545
72	0.34000000	0.83076272	0.00158638
72	0.40000000	0.88759438	0.01101199
72	0.50000000	0.92407342	0.00234183
72	0.60000000	0.94594414	0.00160709
72	0.70000000	0.94810891	0.00252934
72	0.80000000	0.95310619	0.00252738
72	0.90000000	0.95808099	0.00216363
72	1.00000000	0.96187009	0.00225389
72	1.10000000	0.96833904	0.00174288
72	1.20000000	0.96419114	0.00259253
72	1.30000000	0.96060871	0.00272795
72	1.40000000	0.96596481	0.00245686
72	1.50000000	0.96391854	0.00261285
80	0.00000000	0.63877479	0.00015951
80	0.10000000	0.64989758	0.00030138
80	0.12000000	0.65379813	0.00030896
80	0.14000000	0.65782778	0.00038285
80	0.16000000	0.66329426	0.00043635
80	0.18000000	0.67094159	0.00047865
80	0.20000000	0.67974359	0.00049261
80	0.22000000	0.69210607	0.00076611
80	0.24000000	0.70837833	0.00092827
80	0.30000000	0.78021965	0.00176551
80	0.40000000	0.88755150	0.00229852
80	0.50000000	0.93042291	0.00238114
80	0.60000000	0.94431900	0.00239698
80	0.70000000	0.95256570	0.00246421
80	0.80000000	0.95541649	0.00268774
80	0.90000000	0.95787069	0.00269764
80	1.00000000	0.95740507	0.00273286
80	1.10000000	0.96114166	0.00294144
80	1.20000000	0.96401427	0.00246365
80	1.30000000	0.97185968	0.00212172
80	1.40000000	0.96106376	0.00310184
96	0.12000000	0.65082208	0.00032184
96	0.26000000	0.72004801	0.00179061
96	0.27000000	0.73156282	0.00128367
96	0.28000000	0.74601491	0.00137665
96	0.29000000	0.76248327	0.00194390
96	0.30000000	0.77469321	0.00214530
96	0.31000000	0.78985776	0.00261091
96	0.32000000	0.80906999	0.00280291
96	0.33000000	0.81646359	0.00327063
96	0.34000000	0.83604196	0.00348938
