12	0.00000000	0.23479230	0.00006368
12	0.10000000	0.22322490	0.00009685
12	0.12000000	0.22031005	0.00009239
12	0.14000000	0.21767500	0.00011100
12	0.16000000	0.21504235	0.00012598
12	0.18000000	0.21241243	0.00012371
12	0.20000000	0.21019746	0.00010248
12	0.22000000	0.20774196	0.00013836
12	0.24000000	0.20589816	0.00013673
12	0.26000000	0.20394237	0.00015791
12	0.27000000	0.20269830	0.00008922
12	0.28000000	0.20168094	0.00009008
12	0.29000000	0.20103122	0.00008812
12	0.30000000	0.20015802	0.00008477
12	0.31000000	0.19936327	0.00006754
12	0.31500000	0.19909068	0.00016730
12	0.32000000	0.19861699	0.00006896
12	0.33000000	0.19802131	0.00007034
12	0.34000000	0.19699854	0.00007196
12	0.35000000	0.19641420	0.00010554
12	0.36000000	0.19598142	0.00010638
12	0.37000000	0.19537439	0.00010720
12	0.38000000	0.19454736	0.00010875
12	0.39000000	0.19394114	0.00011316
12	0.40000000	0.19330599	0.00019242
12	0.50000000	0.18886308	0.00021720
12	0.60000000	0.18572206	0.00024003
12	0.70000000	0.18294172	0.00024939
12	0.80000000	0.18046340	0.00026679
12	0.90000000	0.17942373	0.00025460
12	1.00000000	0.17771601	0.00028207
12	1.10000000	0.17699941	0.00029180
12	1.20000000	0.17607354	0.00025680
12	1.30000000	0.17544520	0.00028796
12	1.40000000	0.17437827	0.00028196
16	0.31500000	0.15525871	0.00011101
18	0.00000000	0.18206393	0.00004571
18	0.10000000	0.16764295	0.00008198
18	0.12000000	0.16455755	0.00007350
18	0.14000000	0.16149153	0.00008440
18	0.16000000	0.15855373	0.00009861
18	0.18000000	0.15565334	0.00009009
18	0.20000000	0.15286497	0.00007824
18	0.22000000	0.15038883	0.00011465
18	0.24000000	0.14776294	0.00012827
18	0.26000000	0.14542963	0.00012809
18	0.27000000	0.14456156	0.00007712
18	0.28000000	0.14348169	0.00008122
18	0.29000000	0.14263067	0.00008388
18	0.30000000	0.14147863	0.00007509
18	0.31000000	0.14067699	0.00006084
18	0.32000000	0.13974965	0.00006065
18	0.33000000	0.13894849	0.00006409
18	0.34000000	0.13822561	0.00006378
18	0.35000000	0.13737507	0.00009171
18	0.36000000	0.13667249	0.00009486
18	0.37000000	0.13585237	0.00009727
18	0.38000000	0.13516908	0.00010016
18	0.39000000	0.13462716	0.00009749
18	0.40000000	0.13376672	0.00018760
18	0.50000000	0.12880876	0.00020845
18	0.60000000	0.12523388	0.00023962
18	0.70000000	0.12270793	0.00023800
18	0.80000000	0.12055279	0.00022929
18	0.90000000	0.11924815	0.00024942
18	1.00000000	0.11818328	0.00023201
18	1.10000000	0.11685708	0.00026168
18	1.20000000	0.11603812	0.00025938
18	1.30000000	0.11534156	0.00026199
18	1.40000000	0.11442435	0.00026366
20	0.31500000	0.12774453	0.00012373
24	0.00000000	0.15221488	0.00004078
24	0.10000000	0.13662133	0.00006876
24	0.12000000	0.13352799	0.00006617
24	0.14000000	0.13051445	0.00006849
24	0.16000000	0.12771084	0.00007823
24	0.18000000	0.12490378	0.00009092
24	0.20000000	0.12195648	0.00007184
24	0.22000000	0.11936743	0.00011124
24	0.24000000	0.11680005	0.00010196
24	0.26000000	0.11439491	0.00011643
24	0.27000000	0.11337376	0.00006840
24	0.28000000	0.11237261	0.00006596
24	0.29000000	0.11122942	0.00006929
24	0.30000000	0.11028968	0.00006800
24	0.31000000	0.10932010	0.00005155
24	0.31500000	0.10876552	0.00012010
24	0.32000000	0.10850314	0.00005517
24	0.33000000	0.10768028	0.00005788
24	0.34000000	0.10673843	0.00005711
24	0.35000000	0.10597698	0.00008637
24	0.36000000	0.10527361	0.00008587
24	0.37000000	0.10435871	0.00008385
24	0.38000000	0.10387736	0.00008948
24	0.39000000	0.10302235	0.00008925
24	0.40000000	0.10251375	0.00016775
24	0.50000000	0.09743204	0.00017580
24	0.60000000	0.09405501	0.00019931
24	0.70000000	0.09144581	0.00024267
24	0.80000000	0.08966437	0.00023454
24	0.90000000	0.08802947	0.00023611
24	1.00000000	0.08713677	0.00024191
24	1.10000000	0.08618344	0.00022471
24	1.20000000	0.08537709	0.00027663
24	1.30000000	0.08454948	0.00029200
24	1.40000000	0.08386970	0.00026248
30	0.00000000	0.13248958	0.00003357
30	0.10000000	0.11669397	0.00004975
30	0.12000000	0.11374292	0.00005186
30	0.14000000	0.11065823	0.00005535
30	0.16000000	0.10775763	0.00006495
30	0.18000000	0.10499379	0.00007419
30	0.20000000	0.10220865	0.00005934
30	0.22000000	0.09971659	0.00009316
30	0.24000000	0.09722827	0.00009335
30	0.26000000	0.09486716	0.00010976
30	0.27000000	0.09378019	0.00006144
30	0.28000000	0.09277539	0.00006347
30	0.29000000	0.09166532	0.00006595
30	0.30000000	0.09068712	0.00006018
30	0.31000000	0.08983514	0.00005047
30	0.32000000	0.08889107	0.00005075
30	0.33000000	0.08791289	0.00005274
30	0.34000000	0.08720133	0.00005397
30	0.35000000	0.08630267	0.00007940
30	0.36000000	0.08554553	0.00008184
30	0.37000000	0.08491249	0.00008285
30	0.38000000	0.08412242	0.00008365
30	0.39000000	0.08354357	0.00008325
30	0.40000000	0.08290523	0.00016758
30	0.50000000	0.07795457	0.00019220
30	0.60000000	0.07462052	0.00022078
30	0.70000000	0.07221334	0.00021700
30	0.80000000	0.07051150	0.00020974
30	0.90000000	0.06944857	0.00024338
30	1.00000000	0.06854823	0.00024971
30	1.10000000	0.06765839	0.00023761
30	1.20000000	0.06697771	0.00025203
30	1.30000000	0.06620034	0.00022884
30	1.40000000	0.06551355	0.00024134
32	0.31500000	0.08434015	0.00009987
36	0.00000000	0.11825208	0.00003067
36	0.10000000	0.10254044	0.00005022
36	0.12000000	0.09964171	0.00004750
36	0.14000000	0.09679639	0.00005418
36	0.16000000	0.09397240	0.00005885
36	0.18000000	0.09119114	0.00006685
36	0.20000000	0.08864449	0.00005531
36	0.22000000	0.08609041	0.00008262
36	0.24000000	0.08351513	0.00008501
36	0.26000000	0.08118746	0.00012220
36	0.27000000	0.08036064	0.00008914
36	0.28000000	0.07934733	0.00010085
36	0.29000000	0.07825990	0.00010027
36	0.30000000	0.07706118	0.00007432
36	0.31000000	0.07616172	0.00005571
36	0.32000000	0.07540444	0.00005746
36	0.33000000	0.07459942	0.00005904
36	0.34000000	0.07361775	0.00006425
36	0.35000000	0.07283577	0.00007432
36	0.36000000	0.07221053	0.00007760
36	0.37000000	0.07131438	0.00007722
36	0.38000000	0.07069206	0.00008328
36	0.39000000	0.07034509	0.00008990
36	0.40000000	0.06923679	0.00016279
36	0.50000000	0.06467085	0.00017504
36	0.60000000	0.06157283	0.00019564
36	0.70000000	0.05999517	0.00022969
36	0.80000000	0.05788204	0.00020913
36	0.90000000	0.05739083	0.00024079
36	1.00000000	0.05593953	0.00022302
36	1.10000000	0.05613070	0.00026878
36	1.20000000	0.05522583	0.00024927
36	1.30000000	0.05455215	0.00024006
36	1.40000000	0.05435558	0.00024103
40	0.12000000	0.09234555	0.00004393
40	0.14000000	0.08944896	0.00004757
40	0.16000000	0.08684379	0.00005228
40	0.18000000	0.08410494	0.00005951
40	0.20000000	0.08159766	0.00006889
40	0.22000000	0.07915789	0.00007400
40	0.24000000	0.07687269	0.00008050
40	0.31500000	0.06901157	0.00009777
42	0.00000000	0.10756131	0.00002904
42	0.10000000	0.09187961	0.00004079
42	0.20000000	0.07856557	0.00007239
42	0.30000000	0.06721726	0.00010966
42	0.31000000	0.06641243	0.00006605
42	0.32000000	0.06541013	0.00006344
42	0.33000000	0.06461104	0.00006886
42	0.34000000	0.06397423	0.00007108
42	0.35000000	0.06304079	0.00007255
42	0.36000000	0.06225447	0.00007678
42	0.37000000	0.06164773	0.00008221
42	0.38000000	0.06098163	0.00008017
42	0.39000000	0.06035607	0.00008125
42	0.40000000	0.05968584	0.00014995
42	0.50000000	0.05499733	0.00018211
42	0.60000000	0.05262729	0.00020463
42	0.70000000	0.05050160	0.00020845
42	0.80000000	0.04949197	0.00022753
42	0.90000000	0.04834488	0.00022335
42	1.00000000	0.04820080	0.00023575
42	1.10000000	0.04742617	0.00022061
42	1.20000000	0.04690920	0.00022094
42	1.30000000	0.04646479	0.00018599
42	1.40000000	0.04621154	0.00020676
48	0.00000000	0.09904193	0.00002666
48	0.10000000	0.08365555	0.00004194
48	0.12000000	0.08095015	0.00003642
48	0.14000000	0.07817718	0.00003881
48	0.16000000	0.07564675	0.00005078
48	0.18000000	0.07314762	0.00005363
48	0.20000000	0.07077827	0.00004400
48	0.22000000	0.06841252	0.00007142
48	0.24000000	0.06605893	0.00007274
48	0.26000000	0.06398686	0.00012088
48	0.27000000	0.06278066	0.00007624
48	0.28000000	0.06165608	0.00008075
48	0.29000000	0.06080194	0.00008560
48	0.30000000	0.05973994	0.00007150
48	0.31000000	0.05875381	0.00005023
48	0.31500000	0.05861348	0.00008940
48	0.32000000	0.05800718	0.00005299
48	0.33000000	0.05703638	0.00005444
48	0.34000000	0.05636215	0.00005808
48	0.35000000	0.05543677	0.00007328
48	0.36000000	0.05469846	0.00007487
48	0.37000000	0.05425024	0.00007867
48	0.38000000	0.05340948	0.00008137
48	0.39000000	0.05285104	0.00008126
48	0.40000000	0.05220426	0.00015845
48	0.50000000	0.04769184	0.00017678
48	0.60000000	0.04561851	0.00019648
48	0.70000000	0.04394543	0.00018547
48	0.80000000	0.04290460	0.00018104
48	0.90000000	0.04207932	0.00020421
48	1.00000000	0.04242365	0.00024565
48	1.10000000	0.04184164	0.00023789
48	1.20000000	0.04128827	0.00024273
48	1.30000000	0.04113272	0.00022309
48	1.40000000	0.04059480	0.00021150
54	0.00000000	0.09214745	0.00002207
54	0.10000000	0.07696058	0.00003379
54	0.20000000	0.06442437	0.00006508
54	0.30000000	0.05393431	0.00010417
54	0.31000000	0.05286801	0.00006124
54	0.32000000	0.05213003	0.00006218
54	0.33000000	0.05112585	0.00006565
54	0.34000000	0.05031226	0.00006690
54	0.35000000	0.04961872	0.00006791
54	0.36000000	0.04890868	0.00007120
54	0.37000000	0.04820382	0.00007678
54	0.38000000	0.04762909	0.00007629
54	0.39000000	0.04706334	0.00008108
54	0.40000000	0.04633630	0.00013718
54	0.50000000	0.04246115	0.00017065
54	0.60000000	0.04021281	0.00018551
54	0.70000000	0.03907224	0.00018785
54	0.80000000	0.03835484	0.00021458
54	0.90000000	0.03790201	0.00023218
54	1.00000000	0.03767611	0.00022512
54	1.10000000	0.03731885	0.00024019
54	1.20000000	0.03662557	0.00020156
54	1.30000000	0.03631071	0.00020887
54	1.40000000	0.03615265	0.00020293
60	0.00000000	0.08638212	0.00002427
60	0.10000000	0.07146139	0.00002950
60	0.12000000	0.06888052	0.00003148
60	0.14000000	0.06632620	0.00003724
60	0.16000000	0.06399528	0.00003817
60	0.18000000	0.06165366	0.00004213
60	0.20000000	0.05939450	0.00003716
60	0.22000000	0.05709376	0.00005786
60	0.24000000	0.05497080	0.00006700
60	0.26000000	0.05304716	0.00011260
60	0.27000000	0.05179737	0.00006978
60	0.28000000	0.05078708	0.00007544
60	0.29000000	0.04982864	0.00007822
60	0.30000000	0.04893807	0.00006350
60	0.31000000	0.04804023	0.00004866
60	0.31500000	0.04731512	0.00015128
60	0.32000000	0.04720685	0.00004945
60	0.33000000	0.04622056	0.00005111
60	0.34000000	0.04559018	0.00005809
60	0.35000000	0.04490741	0.00006752
60	0.36000000	0.04409658	0.00007338
60	0.37000000	0.04370561	0.00007629
60	0.38000000	0.04290543	0.00007631
60	0.39000000	0.04227223	0.00008032
60	0.40000000	0.04149872	0.00013590
60	0.50000000	0.03810219	0.00017929
60	0.60000000	0.03636884	0.00019767
60	0.70000000	0.03523957	0.00020062
60	0.80000000	0.03463269	0.00021275
60	0.90000000	0.03419471	0.00020697
60	1.00000000	0.03409874	0.00024394
60	1.10000000	0.03364591	0.00023318
60	1.20000000	0.03320718	0.00021317
60	1.30000000	0.03310667	0.00022388
60	1.40000000	0.03315917	0.00025773
64	0.00000000	0.08308704	0.00001684
64	0.10000000	0.06831399	0.00002074
64	0.20000000	0.05644281	0.00004121
64	0.30000000	0.04620148	0.00007639
64	0.40000000	0.03919370	0.00014620
64	0.50000000	0.03583465	0.00016523
64	0.60000000	0.03421922	0.00020226
64	0.70000000	0.03313347	0.00020738
64	0.80000000	0.03257663	0.00022156
64	0.90000000	0.03213615	0.00021217
64	1.00000000	0.03170882	0.00022294
64	1.10000000	0.03145976	0.00023308
64	1.20000000	0.03174522	0.00025102
64	1.30000000	0.03133061	0.00025166
64	1.40000000	0.03069667	0.00021870
72	0.00000000	0.07733848	0.00002001
72	0.10000000	0.06283540	0.00002636
72	0.12000000	0.06043036	0.00002708
72	0.14000000	0.05803813	0.00002865
72	0.16000000	0.05580597	0.00003302
72	0.18000000	0.05358868	0.00003647
72	0.20000000	0.05146774	0.00003956
72	0.22000000	0.04943685	0.00004940
72	0.24000000	0.04736796	0.00005779
72	0.26000000	0.04541124	0.00011428
72	0.27000000	0.04438476	0.00006855
72	0.28000000	0.04327133	0.00006937
72	0.29000000	0.04241551	0.00007080
72	0.30000000	0.04151961	0.00007712
72	0.31000000	0.04058198	0.00007902
72	0.32000000	0.03977078	0.00008490
72	0.33000000	0.03899873	0.00009435
72	0.34000000	0.03813199	0.00010203
72	0.40000000	0.03421387	0.00059776
72	0.50000000	0.03177672	0.00017133
72	0.60000000	0.03000080	0.00012606
72	0.70000000	0.02966964	0.00020628
72	0.80000000	0.02917739	0.00021099
72	0.90000000	0.02858068	0.00018478
72	1.00000000	0.02812809	0.00019331
72	1.10000000	0.02752241	0.00014683
72	1.20000000	0.02781495	0.00024016
72	1.30000000	0.02802034	0.00024470
72	1.40000000	0.02755279	0.00023075
72	1.50000000	0.02766165	0.00023252
80	0.00000000	0.07259530	0.00002039
80	0.10000000	0.05838402	0.00002334
80	0.12000000	0.05606370	0.00002488
80	0.14000000	0.05379107	0.00002673
80	0.16000000	0.05156763	0.00003032
80	0.18000000	0.04943194	0.00003404
80	0.20000000	0.04743654	0.00003175
80	0.22000000	0.04539000	0.00004959
80	0.24000000	0.04345075	0.00005444
80	0.30000000	0.03770288	0.00009394
80	0.40000000	0.03115678	0.00013215
80	0.50000000	0.02848518	0.00015254
80	0.60000000	0.02730805	0.00015481
80	0.70000000	0.02663327	0.00018192
80	0.80000000	0.02621361	0.00019851
80	0.90000000	0.02592132	0.00018979
80	1.00000000	0.02588802	0.00021801
80	1.10000000	0.02550515	0.00022548
80	1.20000000	0.02520525	0.00019272
80	1.30000000	0.02453655	0.00017994
80	1.40000000	0.02529802	0.00024989
96	0.12000000	0.04921392	0.00002001
96	0.26000000	0.03552496	0.00008814
96	0.27000000	0.03464582	0.00005616
96	0.28000000	0.03375999	0.00006158
96	0.29000000	0.03274590	0.00008345
96	0.30000000	0.03201492	0.00009980
96	0.31000000	0.03116738	0.00011247
96	0.32000000	0.03018986	0.00011548
96	0.33000000	0.02985357	0.00015158
96	0.34000000	0.02882813	0.00015596
